0, 0, 0, 0, 0, 4, 0, 24, 28
0, 0, 0, 0, 0, 4, 0, 24, 28
0, 0, 0, 0, 0, 4, 0, 24, 28
0, 0, 0, 0, 0, 4, 0, 24, 28
0, 0, 0, 0, 4, 8, 24, 28, 32
0, 0, 0, 0, 4, 8, 24, 28, 32
0, 0, 0, 0, 4, 8, 24, 28, 32
0, 0, 0, 0, 4, 8, 24, 28, 32
0, 0, 0, 4, 8, 12, 28, 32, 36
0, 0, 0, 4, 8, 12, 28, 32, 36
0, 0, 0, 4, 8, 12, 28, 32, 36
0, 0, 0, 4, 8, 12, 28, 32, 36
0, 0, 0, 8, 12, 16, 32, 36, 40
0, 0, 0, 8, 12, 16, 32, 36, 40
0, 0, 0, 8, 12, 16, 32, 36, 40
0, 0, 0, 8, 12, 16, 32, 36, 40
0, 0, 0, 12, 16, 20, 36, 40, 44
0, 0, 0, 12, 16, 20, 36, 40, 44
0, 0, 0, 12, 16, 20, 36, 40, 44
0, 0, 0, 12, 16, 20, 36, 40, 44
0, 0, 0, 16, 20, 0, 40, 44, 0
0, 0, 0, 16, 20, 0, 40, 44, 0
0, 0, 0, 16, 20, 0, 40, 44, 0
0, 0, 0, 16, 20, 0, 40, 44, 0
0, 0, 0, 0, 1, 5, 0, 25, 29
0, 0, 0, 0, 1, 5, 0, 25, 29
0, 0, 0, 0, 1, 5, 0, 25, 29
0, 0, 0, 0, 1, 5, 0, 25, 29
0, 0, 0, 1, 5, 9, 25, 29, 33
0, 0, 0, 1, 5, 9, 25, 29, 33
0, 0, 0, 1, 5, 9, 25, 29, 33
0, 0, 0, 1, 5, 9, 25, 29, 33
0, 0, 0, 5, 9, 13, 29, 33, 37
0, 0, 0, 5, 9, 13, 29, 33, 37
0, 0, 0, 5, 9, 13, 29, 33, 37
0, 0, 0, 5, 9, 13, 29, 33, 37
0, 0, 0, 9, 13, 17, 33, 37, 41
0, 0, 0, 9, 13, 17, 33, 37, 41
0, 0, 0, 9, 13, 17, 33, 37, 41
0, 0, 0, 9, 13, 17, 33, 37, 41
0, 0, 0, 13, 17, 21, 37, 41, 45
0, 0, 0, 13, 17, 21, 37, 41, 45
0, 0, 0, 13, 17, 21, 37, 41, 45
0, 0, 0, 13, 17, 21, 37, 41, 45
0, 0, 0, 17, 21, 0, 41, 45, 0
0, 0, 0, 17, 21, 0, 41, 45, 0
0, 0, 0, 17, 21, 0, 41, 45, 0
0, 0, 0, 17, 21, 0, 41, 45, 0
0, 0, 0, 0, 2, 6, 0, 26, 30
0, 0, 0, 0, 2, 6, 0, 26, 30
0, 0, 0, 0, 2, 6, 0, 26, 30
0, 0, 0, 0, 2, 6, 0, 26, 30
0, 0, 0, 2, 6, 10, 26, 30, 34
0, 0, 0, 2, 6, 10, 26, 30, 34
0, 0, 0, 2, 6, 10, 26, 30, 34
0, 0, 0, 2, 6, 10, 26, 30, 34
0, 0, 0, 6, 10, 14, 30, 34, 38
0, 0, 0, 6, 10, 14, 30, 34, 38
0, 0, 0, 6, 10, 14, 30, 34, 38
0, 0, 0, 6, 10, 14, 30, 34, 38
0, 0, 0, 10, 14, 18, 34, 38, 42
0, 0, 0, 10, 14, 18, 34, 38, 42
0, 0, 0, 10, 14, 18, 34, 38, 42
0, 0, 0, 10, 14, 18, 34, 38, 42
0, 0, 0, 14, 18, 22, 38, 42, 46
0, 0, 0, 14, 18, 22, 38, 42, 46
0, 0, 0, 14, 18, 22, 38, 42, 46
0, 0, 0, 14, 18, 22, 38, 42, 46
0, 0, 0, 18, 22, 0, 42, 46, 0
0, 0, 0, 18, 22, 0, 42, 46, 0
0, 0, 0, 18, 22, 0, 42, 46, 0
0, 0, 0, 18, 22, 0, 42, 46, 0
0, 0, 0, 0, 3, 7, 0, 27, 31
0, 0, 0, 0, 3, 7, 0, 27, 31
0, 0, 0, 0, 3, 7, 0, 27, 31
0, 0, 0, 0, 3, 7, 0, 27, 31
0, 0, 0, 3, 7, 11, 27, 31, 35
0, 0, 0, 3, 7, 11, 27, 31, 35
0, 0, 0, 3, 7, 11, 27, 31, 35
0, 0, 0, 3, 7, 11, 27, 31, 35
0, 0, 0, 7, 11, 15, 31, 35, 39
0, 0, 0, 7, 11, 15, 31, 35, 39
0, 0, 0, 7, 11, 15, 31, 35, 39
0, 0, 0, 7, 11, 15, 31, 35, 39
0, 0, 0, 11, 15, 19, 35, 39, 43
0, 0, 0, 11, 15, 19, 35, 39, 43
0, 0, 0, 11, 15, 19, 35, 39, 43
0, 0, 0, 11, 15, 19, 35, 39, 43
0, 0, 0, 15, 19, 23, 39, 43, 47
0, 0, 0, 15, 19, 23, 39, 43, 47
0, 0, 0, 15, 19, 23, 39, 43, 47
0, 0, 0, 15, 19, 23, 39, 43, 47
0, 0, 0, 19, 23, 0, 43, 47, 0
0, 0, 0, 19, 23, 0, 43, 47, 0
0, 0, 0, 19, 23, 0, 43, 47, 0
0, 0, 0, 19, 23, 0, 43, 47, 0
0, 0, 4, 0, 24, 28, 0, 48, 52
0, 0, 4, 0, 24, 28, 0, 48, 52
0, 0, 4, 0, 24, 28, 0, 48, 52
0, 0, 4, 0, 24, 28, 0, 48, 52
0, 4, 8, 24, 28, 32, 48, 52, 56
0, 4, 8, 24, 28, 32, 48, 52, 56
0, 4, 8, 24, 28, 32, 48, 52, 56
0, 4, 8, 24, 28, 32, 48, 52, 56
4, 8, 12, 28, 32, 36, 52, 56, 60
4, 8, 12, 28, 32, 36, 52, 56, 60
4, 8, 12, 28, 32, 36, 52, 56, 60
4, 8, 12, 28, 32, 36, 52, 56, 60
8, 12, 16, 32, 36, 40, 56, 60, 64
8, 12, 16, 32, 36, 40, 56, 60, 64
8, 12, 16, 32, 36, 40, 56, 60, 64
8, 12, 16, 32, 36, 40, 56, 60, 64
12, 16, 20, 36, 40, 44, 60, 64, 68
12, 16, 20, 36, 40, 44, 60, 64, 68
12, 16, 20, 36, 40, 44, 60, 64, 68
12, 16, 20, 36, 40, 44, 60, 64, 68
16, 20, 0, 40, 44, 0, 64, 68, 0
16, 20, 0, 40, 44, 0, 64, 68, 0
16, 20, 0, 40, 44, 0, 64, 68, 0
16, 20, 0, 40, 44, 0, 64, 68, 0
0, 1, 5, 0, 25, 29, 0, 49, 53
0, 1, 5, 0, 25, 29, 0, 49, 53
0, 1, 5, 0, 25, 29, 0, 49, 53
0, 1, 5, 0, 25, 29, 0, 49, 53
1, 5, 9, 25, 29, 33, 49, 53, 57
1, 5, 9, 25, 29, 33, 49, 53, 57
1, 5, 9, 25, 29, 33, 49, 53, 57
1, 5, 9, 25, 29, 33, 49, 53, 57
5, 9, 13, 29, 33, 37, 53, 57, 61
5, 9, 13, 29, 33, 37, 53, 57, 61
5, 9, 13, 29, 33, 37, 53, 57, 61
5, 9, 13, 29, 33, 37, 53, 57, 61
9, 13, 17, 33, 37, 41, 57, 61, 65
9, 13, 17, 33, 37, 41, 57, 61, 65
9, 13, 17, 33, 37, 41, 57, 61, 65
9, 13, 17, 33, 37, 41, 57, 61, 65
13, 17, 21, 37, 41, 45, 61, 65, 69
13, 17, 21, 37, 41, 45, 61, 65, 69
13, 17, 21, 37, 41, 45, 61, 65, 69
13, 17, 21, 37, 41, 45, 61, 65, 69
17, 21, 0, 41, 45, 0, 65, 69, 0
17, 21, 0, 41, 45, 0, 65, 69, 0
17, 21, 0, 41, 45, 0, 65, 69, 0
17, 21, 0, 41, 45, 0, 65, 69, 0
0, 2, 6, 0, 26, 30, 0, 50, 54
0, 2, 6, 0, 26, 30, 0, 50, 54
0, 2, 6, 0, 26, 30, 0, 50, 54
0, 2, 6, 0, 26, 30, 0, 50, 54
2, 6, 10, 26, 30, 34, 50, 54, 58
2, 6, 10, 26, 30, 34, 50, 54, 58
2, 6, 10, 26, 30, 34, 50, 54, 58
2, 6, 10, 26, 30, 34, 50, 54, 58
6, 10, 14, 30, 34, 38, 54, 58, 62
6, 10, 14, 30, 34, 38, 54, 58, 62
6, 10, 14, 30, 34, 38, 54, 58, 62
6, 10, 14, 30, 34, 38, 54, 58, 62
10, 14, 18, 34, 38, 42, 58, 62, 66
10, 14, 18, 34, 38, 42, 58, 62, 66
10, 14, 18, 34, 38, 42, 58, 62, 66
10, 14, 18, 34, 38, 42, 58, 62, 66
14, 18, 22, 38, 42, 46, 62, 66, 70
14, 18, 22, 38, 42, 46, 62, 66, 70
14, 18, 22, 38, 42, 46, 62, 66, 70
14, 18, 22, 38, 42, 46, 62, 66, 70
18, 22, 0, 42, 46, 0, 66, 70, 0
18, 22, 0, 42, 46, 0, 66, 70, 0
18, 22, 0, 42, 46, 0, 66, 70, 0
18, 22, 0, 42, 46, 0, 66, 70, 0
0, 3, 7, 0, 27, 31, 0, 51, 55
0, 3, 7, 0, 27, 31, 0, 51, 55
0, 3, 7, 0, 27, 31, 0, 51, 55
0, 3, 7, 0, 27, 31, 0, 51, 55
3, 7, 11, 27, 31, 35, 51, 55, 59
3, 7, 11, 27, 31, 35, 51, 55, 59
3, 7, 11, 27, 31, 35, 51, 55, 59
3, 7, 11, 27, 31, 35, 51, 55, 59
7, 11, 15, 31, 35, 39, 55, 59, 63
7, 11, 15, 31, 35, 39, 55, 59, 63
7, 11, 15, 31, 35, 39, 55, 59, 63
7, 11, 15, 31, 35, 39, 55, 59, 63
11, 15, 19, 35, 39, 43, 59, 63, 67
11, 15, 19, 35, 39, 43, 59, 63, 67
11, 15, 19, 35, 39, 43, 59, 63, 67
11, 15, 19, 35, 39, 43, 59, 63, 67
15, 19, 23, 39, 43, 47, 63, 67, 71
15, 19, 23, 39, 43, 47, 63, 67, 71
15, 19, 23, 39, 43, 47, 63, 67, 71
15, 19, 23, 39, 43, 47, 63, 67, 71
19, 23, 0, 43, 47, 0, 67, 71, 0
19, 23, 0, 43, 47, 0, 67, 71, 0
19, 23, 0, 43, 47, 0, 67, 71, 0
19, 23, 0, 43, 47, 0, 67, 71, 0
0, 24, 28, 0, 48, 52, 0, 72, 76
0, 24, 28, 0, 48, 52, 0, 72, 76
0, 24, 28, 0, 48, 52, 0, 72, 76
0, 24, 28, 0, 48, 52, 0, 72, 76
24, 28, 32, 48, 52, 56, 72, 76, 80
24, 28, 32, 48, 52, 56, 72, 76, 80
24, 28, 32, 48, 52, 56, 72, 76, 80
24, 28, 32, 48, 52, 56, 72, 76, 80
28, 32, 36, 52, 56, 60, 76, 80, 84
28, 32, 36, 52, 56, 60, 76, 80, 84
28, 32, 36, 52, 56, 60, 76, 80, 84
28, 32, 36, 52, 56, 60, 76, 80, 84
32, 36, 40, 56, 60, 64, 80, 84, 88
32, 36, 40, 56, 60, 64, 80, 84, 88
32, 36, 40, 56, 60, 64, 80, 84, 88
32, 36, 40, 56, 60, 64, 80, 84, 88
36, 40, 44, 60, 64, 68, 84, 88, 92
36, 40, 44, 60, 64, 68, 84, 88, 92
36, 40, 44, 60, 64, 68, 84, 88, 92
36, 40, 44, 60, 64, 68, 84, 88, 92
40, 44, 0, 64, 68, 0, 88, 92, 0
40, 44, 0, 64, 68, 0, 88, 92, 0
40, 44, 0, 64, 68, 0, 88, 92, 0
40, 44, 0, 64, 68, 0, 88, 92, 0
0, 25, 29, 0, 49, 53, 0, 73, 77
0, 25, 29, 0, 49, 53, 0, 73, 77
0, 25, 29, 0, 49, 53, 0, 73, 77
0, 25, 29, 0, 49, 53, 0, 73, 77
25, 29, 33, 49, 53, 57, 73, 77, 81
25, 29, 33, 49, 53, 57, 73, 77, 81
25, 29, 33, 49, 53, 57, 73, 77, 81
25, 29, 33, 49, 53, 57, 73, 77, 81
29, 33, 37, 53, 57, 61, 77, 81, 85
29, 33, 37, 53, 57, 61, 77, 81, 85
29, 33, 37, 53, 57, 61, 77, 81, 85
29, 33, 37, 53, 57, 61, 77, 81, 85
33, 37, 41, 57, 61, 65, 81, 85, 89
33, 37, 41, 57, 61, 65, 81, 85, 89
33, 37, 41, 57, 61, 65, 81, 85, 89
33, 37, 41, 57, 61, 65, 81, 85, 89
37, 41, 45, 61, 65, 69, 85, 89, 93
37, 41, 45, 61, 65, 69, 85, 89, 93
37, 41, 45, 61, 65, 69, 85, 89, 93
37, 41, 45, 61, 65, 69, 85, 89, 93
41, 45, 0, 65, 69, 0, 89, 93, 0
41, 45, 0, 65, 69, 0, 89, 93, 0
41, 45, 0, 65, 69, 0, 89, 93, 0
41, 45, 0, 65, 69, 0, 89, 93, 0
0, 26, 30, 0, 50, 54, 0, 74, 78
0, 26, 30, 0, 50, 54, 0, 74, 78
0, 26, 30, 0, 50, 54, 0, 74, 78
0, 26, 30, 0, 50, 54, 0, 74, 78
26, 30, 34, 50, 54, 58, 74, 78, 82
26, 30, 34, 50, 54, 58, 74, 78, 82
26, 30, 34, 50, 54, 58, 74, 78, 82
26, 30, 34, 50, 54, 58, 74, 78, 82
30, 34, 38, 54, 58, 62, 78, 82, 86
30, 34, 38, 54, 58, 62, 78, 82, 86
30, 34, 38, 54, 58, 62, 78, 82, 86
30, 34, 38, 54, 58, 62, 78, 82, 86
34, 38, 42, 58, 62, 66, 82, 86, 90
34, 38, 42, 58, 62, 66, 82, 86, 90
34, 38, 42, 58, 62, 66, 82, 86, 90
34, 38, 42, 58, 62, 66, 82, 86, 90
38, 42, 46, 62, 66, 70, 86, 90, 94
38, 42, 46, 62, 66, 70, 86, 90, 94
38, 42, 46, 62, 66, 70, 86, 90, 94
38, 42, 46, 62, 66, 70, 86, 90, 94
42, 46, 0, 66, 70, 0, 90, 94, 0
42, 46, 0, 66, 70, 0, 90, 94, 0
42, 46, 0, 66, 70, 0, 90, 94, 0
42, 46, 0, 66, 70, 0, 90, 94, 0
0, 27, 31, 0, 51, 55, 0, 75, 79
0, 27, 31, 0, 51, 55, 0, 75, 79
0, 27, 31, 0, 51, 55, 0, 75, 79
0, 27, 31, 0, 51, 55, 0, 75, 79
27, 31, 35, 51, 55, 59, 75, 79, 83
27, 31, 35, 51, 55, 59, 75, 79, 83
27, 31, 35, 51, 55, 59, 75, 79, 83
27, 31, 35, 51, 55, 59, 75, 79, 83
31, 35, 39, 55, 59, 63, 79, 83, 87
31, 35, 39, 55, 59, 63, 79, 83, 87
31, 35, 39, 55, 59, 63, 79, 83, 87
31, 35, 39, 55, 59, 63, 79, 83, 87
35, 39, 43, 59, 63, 67, 83, 87, 91
35, 39, 43, 59, 63, 67, 83, 87, 91
35, 39, 43, 59, 63, 67, 83, 87, 91
35, 39, 43, 59, 63, 67, 83, 87, 91
39, 43, 47, 63, 67, 71, 87, 91, 95
39, 43, 47, 63, 67, 71, 87, 91, 95
39, 43, 47, 63, 67, 71, 87, 91, 95
39, 43, 47, 63, 67, 71, 87, 91, 95
43, 47, 0, 67, 71, 0, 91, 95, 0
43, 47, 0, 67, 71, 0, 91, 95, 0
43, 47, 0, 67, 71, 0, 91, 95, 0
43, 47, 0, 67, 71, 0, 91, 95, 0
0, 48, 52, 0, 72, 76, 0, 96, 100
0, 48, 52, 0, 72, 76, 0, 96, 100
0, 48, 52, 0, 72, 76, 0, 96, 100
0, 48, 52, 0, 72, 76, 0, 96, 100
48, 52, 56, 72, 76, 80, 96, 100, 104
48, 52, 56, 72, 76, 80, 96, 100, 104
48, 52, 56, 72, 76, 80, 96, 100, 104
48, 52, 56, 72, 76, 80, 96, 100, 104
52, 56, 60, 76, 80, 84, 100, 104, 108
52, 56, 60, 76, 80, 84, 100, 104, 108
52, 56, 60, 76, 80, 84, 100, 104, 108
52, 56, 60, 76, 80, 84, 100, 104, 108
56, 60, 64, 80, 84, 88, 104, 108, 112
56, 60, 64, 80, 84, 88, 104, 108, 112
56, 60, 64, 80, 84, 88, 104, 108, 112
56, 60, 64, 80, 84, 88, 104, 108, 112
60, 64, 68, 84, 88, 92, 108, 112, 116
60, 64, 68, 84, 88, 92, 108, 112, 116
60, 64, 68, 84, 88, 92, 108, 112, 116
60, 64, 68, 84, 88, 92, 108, 112, 116
64, 68, 0, 88, 92, 0, 112, 116, 0
64, 68, 0, 88, 92, 0, 112, 116, 0
64, 68, 0, 88, 92, 0, 112, 116, 0
64, 68, 0, 88, 92, 0, 112, 116, 0
0, 49, 53, 0, 73, 77, 0, 97, 101
0, 49, 53, 0, 73, 77, 0, 97, 101
0, 49, 53, 0, 73, 77, 0, 97, 101
0, 49, 53, 0, 73, 77, 0, 97, 101
49, 53, 57, 73, 77, 81, 97, 101, 105
49, 53, 57, 73, 77, 81, 97, 101, 105
49, 53, 57, 73, 77, 81, 97, 101, 105
49, 53, 57, 73, 77, 81, 97, 101, 105
53, 57, 61, 77, 81, 85, 101, 105, 109
53, 57, 61, 77, 81, 85, 101, 105, 109
53, 57, 61, 77, 81, 85, 101, 105, 109
53, 57, 61, 77, 81, 85, 101, 105, 109
57, 61, 65, 81, 85, 89, 105, 109, 113
57, 61, 65, 81, 85, 89, 105, 109, 113
57, 61, 65, 81, 85, 89, 105, 109, 113
57, 61, 65, 81, 85, 89, 105, 109, 113
61, 65, 69, 85, 89, 93, 109, 113, 117
61, 65, 69, 85, 89, 93, 109, 113, 117
61, 65, 69, 85, 89, 93, 109, 113, 117
61, 65, 69, 85, 89, 93, 109, 113, 117
65, 69, 0, 89, 93, 0, 113, 117, 0
65, 69, 0, 89, 93, 0, 113, 117, 0
65, 69, 0, 89, 93, 0, 113, 117, 0
65, 69, 0, 89, 93, 0, 113, 117, 0
0, 50, 54, 0, 74, 78, 0, 98, 102
0, 50, 54, 0, 74, 78, 0, 98, 102
0, 50, 54, 0, 74, 78, 0, 98, 102
0, 50, 54, 0, 74, 78, 0, 98, 102
50, 54, 58, 74, 78, 82, 98, 102, 106
50, 54, 58, 74, 78, 82, 98, 102, 106
50, 54, 58, 74, 78, 82, 98, 102, 106
50, 54, 58, 74, 78, 82, 98, 102, 106
54, 58, 62, 78, 82, 86, 102, 106, 110
54, 58, 62, 78, 82, 86, 102, 106, 110
54, 58, 62, 78, 82, 86, 102, 106, 110
54, 58, 62, 78, 82, 86, 102, 106, 110
58, 62, 66, 82, 86, 90, 106, 110, 114
58, 62, 66, 82, 86, 90, 106, 110, 114
58, 62, 66, 82, 86, 90, 106, 110, 114
58, 62, 66, 82, 86, 90, 106, 110, 114
62, 66, 70, 86, 90, 94, 110, 114, 118
62, 66, 70, 86, 90, 94, 110, 114, 118
62, 66, 70, 86, 90, 94, 110, 114, 118
62, 66, 70, 86, 90, 94, 110, 114, 118
66, 70, 0, 90, 94, 0, 114, 118, 0
66, 70, 0, 90, 94, 0, 114, 118, 0
66, 70, 0, 90, 94, 0, 114, 118, 0
66, 70, 0, 90, 94, 0, 114, 118, 0
0, 51, 55, 0, 75, 79, 0, 99, 103
0, 51, 55, 0, 75, 79, 0, 99, 103
0, 51, 55, 0, 75, 79, 0, 99, 103
0, 51, 55, 0, 75, 79, 0, 99, 103
51, 55, 59, 75, 79, 83, 99, 103, 107
51, 55, 59, 75, 79, 83, 99, 103, 107
51, 55, 59, 75, 79, 83, 99, 103, 107
51, 55, 59, 75, 79, 83, 99, 103, 107
55, 59, 63, 79, 83, 87, 103, 107, 111
55, 59, 63, 79, 83, 87, 103, 107, 111
55, 59, 63, 79, 83, 87, 103, 107, 111
55, 59, 63, 79, 83, 87, 103, 107, 111
59, 63, 67, 83, 87, 91, 107, 111, 115
59, 63, 67, 83, 87, 91, 107, 111, 115
59, 63, 67, 83, 87, 91, 107, 111, 115
59, 63, 67, 83, 87, 91, 107, 111, 115
63, 67, 71, 87, 91, 95, 111, 115, 119
63, 67, 71, 87, 91, 95, 111, 115, 119
63, 67, 71, 87, 91, 95, 111, 115, 119
63, 67, 71, 87, 91, 95, 111, 115, 119
67, 71, 0, 91, 95, 0, 115, 119, 0
67, 71, 0, 91, 95, 0, 115, 119, 0
67, 71, 0, 91, 95, 0, 115, 119, 0
67, 71, 0, 91, 95, 0, 115, 119, 0
0, 72, 76, 0, 96, 100, 0, 120, 124
0, 72, 76, 0, 96, 100, 0, 120, 124
0, 72, 76, 0, 96, 100, 0, 120, 124
0, 72, 76, 0, 96, 100, 0, 120, 124
72, 76, 80, 96, 100, 104, 120, 124, 128
72, 76, 80, 96, 100, 104, 120, 124, 128
72, 76, 80, 96, 100, 104, 120, 124, 128
72, 76, 80, 96, 100, 104, 120, 124, 128
76, 80, 84, 100, 104, 108, 124, 128, 132
76, 80, 84, 100, 104, 108, 124, 128, 132
76, 80, 84, 100, 104, 108, 124, 128, 132
76, 80, 84, 100, 104, 108, 124, 128, 132
80, 84, 88, 104, 108, 112, 128, 132, 136
80, 84, 88, 104, 108, 112, 128, 132, 136
80, 84, 88, 104, 108, 112, 128, 132, 136
80, 84, 88, 104, 108, 112, 128, 132, 136
84, 88, 92, 108, 112, 116, 132, 136, 140
84, 88, 92, 108, 112, 116, 132, 136, 140
84, 88, 92, 108, 112, 116, 132, 136, 140
84, 88, 92, 108, 112, 116, 132, 136, 140
88, 92, 0, 112, 116, 0, 136, 140, 0
88, 92, 0, 112, 116, 0, 136, 140, 0
88, 92, 0, 112, 116, 0, 136, 140, 0
88, 92, 0, 112, 116, 0, 136, 140, 0
0, 73, 77, 0, 97, 101, 0, 121, 125
0, 73, 77, 0, 97, 101, 0, 121, 125
0, 73, 77, 0, 97, 101, 0, 121, 125
0, 73, 77, 0, 97, 101, 0, 121, 125
73, 77, 81, 97, 101, 105, 121, 125, 129
73, 77, 81, 97, 101, 105, 121, 125, 129
73, 77, 81, 97, 101, 105, 121, 125, 129
73, 77, 81, 97, 101, 105, 121, 125, 129
77, 81, 85, 101, 105, 109, 125, 129, 133
77, 81, 85, 101, 105, 109, 125, 129, 133
77, 81, 85, 101, 105, 109, 125, 129, 133
77, 81, 85, 101, 105, 109, 125, 129, 133
81, 85, 89, 105, 109, 113, 129, 133, 137
81, 85, 89, 105, 109, 113, 129, 133, 137
81, 85, 89, 105, 109, 113, 129, 133, 137
81, 85, 89, 105, 109, 113, 129, 133, 137
85, 89, 93, 109, 113, 117, 133, 137, 141
85, 89, 93, 109, 113, 117, 133, 137, 141
85, 89, 93, 109, 113, 117, 133, 137, 141
85, 89, 93, 109, 113, 117, 133, 137, 141
89, 93, 0, 113, 117, 0, 137, 141, 0
89, 93, 0, 113, 117, 0, 137, 141, 0
89, 93, 0, 113, 117, 0, 137, 141, 0
89, 93, 0, 113, 117, 0, 137, 141, 0
0, 74, 78, 0, 98, 102, 0, 122, 126
0, 74, 78, 0, 98, 102, 0, 122, 126
0, 74, 78, 0, 98, 102, 0, 122, 126
0, 74, 78, 0, 98, 102, 0, 122, 126
74, 78, 82, 98, 102, 106, 122, 126, 130
74, 78, 82, 98, 102, 106, 122, 126, 130
74, 78, 82, 98, 102, 106, 122, 126, 130
74, 78, 82, 98, 102, 106, 122, 126, 130
78, 82, 86, 102, 106, 110, 126, 130, 134
78, 82, 86, 102, 106, 110, 126, 130, 134
78, 82, 86, 102, 106, 110, 126, 130, 134
78, 82, 86, 102, 106, 110, 126, 130, 134
82, 86, 90, 106, 110, 114, 130, 134, 138
82, 86, 90, 106, 110, 114, 130, 134, 138
82, 86, 90, 106, 110, 114, 130, 134, 138
82, 86, 90, 106, 110, 114, 130, 134, 138
86, 90, 94, 110, 114, 118, 134, 138, 142
86, 90, 94, 110, 114, 118, 134, 138, 142
86, 90, 94, 110, 114, 118, 134, 138, 142
86, 90, 94, 110, 114, 118, 134, 138, 142
90, 94, 0, 114, 118, 0, 138, 142, 0
90, 94, 0, 114, 118, 0, 138, 142, 0
90, 94, 0, 114, 118, 0, 138, 142, 0
90, 94, 0, 114, 118, 0, 138, 142, 0
0, 75, 79, 0, 99, 103, 0, 123, 127
0, 75, 79, 0, 99, 103, 0, 123, 127
0, 75, 79, 0, 99, 103, 0, 123, 127
0, 75, 79, 0, 99, 103, 0, 123, 127
75, 79, 83, 99, 103, 107, 123, 127, 131
75, 79, 83, 99, 103, 107, 123, 127, 131
75, 79, 83, 99, 103, 107, 123, 127, 131
75, 79, 83, 99, 103, 107, 123, 127, 131
79, 83, 87, 103, 107, 111, 127, 131, 135
79, 83, 87, 103, 107, 111, 127, 131, 135
79, 83, 87, 103, 107, 111, 127, 131, 135
79, 83, 87, 103, 107, 111, 127, 131, 135
83, 87, 91, 107, 111, 115, 131, 135, 139
83, 87, 91, 107, 111, 115, 131, 135, 139
83, 87, 91, 107, 111, 115, 131, 135, 139
83, 87, 91, 107, 111, 115, 131, 135, 139
87, 91, 95, 111, 115, 119, 135, 139, 143
87, 91, 95, 111, 115, 119, 135, 139, 143
87, 91, 95, 111, 115, 119, 135, 139, 143
87, 91, 95, 111, 115, 119, 135, 139, 143
91, 95, 0, 115, 119, 0, 139, 143, 0
91, 95, 0, 115, 119, 0, 139, 143, 0
91, 95, 0, 115, 119, 0, 139, 143, 0
91, 95, 0, 115, 119, 0, 139, 143, 0
0, 96, 100, 0, 120, 124, 0, 0, 0
0, 96, 100, 0, 120, 124, 0, 0, 0
0, 96, 100, 0, 120, 124, 0, 0, 0
0, 96, 100, 0, 120, 124, 0, 0, 0
96, 100, 104, 120, 124, 128, 0, 0, 0
96, 100, 104, 120, 124, 128, 0, 0, 0
96, 100, 104, 120, 124, 128, 0, 0, 0
96, 100, 104, 120, 124, 128, 0, 0, 0
100, 104, 108, 124, 128, 132, 0, 0, 0
100, 104, 108, 124, 128, 132, 0, 0, 0
100, 104, 108, 124, 128, 132, 0, 0, 0
100, 104, 108, 124, 128, 132, 0, 0, 0
104, 108, 112, 128, 132, 136, 0, 0, 0
104, 108, 112, 128, 132, 136, 0, 0, 0
104, 108, 112, 128, 132, 136, 0, 0, 0
104, 108, 112, 128, 132, 136, 0, 0, 0
108, 112, 116, 132, 136, 140, 0, 0, 0
108, 112, 116, 132, 136, 140, 0, 0, 0
108, 112, 116, 132, 136, 140, 0, 0, 0
108, 112, 116, 132, 136, 140, 0, 0, 0
112, 116, 0, 136, 140, 0, 0, 0, 0
112, 116, 0, 136, 140, 0, 0, 0, 0
112, 116, 0, 136, 140, 0, 0, 0, 0
112, 116, 0, 136, 140, 0, 0, 0, 0
0, 97, 101, 0, 121, 125, 0, 0, 0
0, 97, 101, 0, 121, 125, 0, 0, 0
0, 97, 101, 0, 121, 125, 0, 0, 0
0, 97, 101, 0, 121, 125, 0, 0, 0
97, 101, 105, 121, 125, 129, 0, 0, 0
97, 101, 105, 121, 125, 129, 0, 0, 0
97, 101, 105, 121, 125, 129, 0, 0, 0
97, 101, 105, 121, 125, 129, 0, 0, 0
101, 105, 109, 125, 129, 133, 0, 0, 0
101, 105, 109, 125, 129, 133, 0, 0, 0
101, 105, 109, 125, 129, 133, 0, 0, 0
101, 105, 109, 125, 129, 133, 0, 0, 0
105, 109, 113, 129, 133, 137, 0, 0, 0
105, 109, 113, 129, 133, 137, 0, 0, 0
105, 109, 113, 129, 133, 137, 0, 0, 0
105, 109, 113, 129, 133, 137, 0, 0, 0
109, 113, 117, 133, 137, 141, 0, 0, 0
109, 113, 117, 133, 137, 141, 0, 0, 0
109, 113, 117, 133, 137, 141, 0, 0, 0
109, 113, 117, 133, 137, 141, 0, 0, 0
113, 117, 0, 137, 141, 0, 0, 0, 0
113, 117, 0, 137, 141, 0, 0, 0, 0
113, 117, 0, 137, 141, 0, 0, 0, 0
113, 117, 0, 137, 141, 0, 0, 0, 0
0, 98, 102, 0, 122, 126, 0, 0, 0
0, 98, 102, 0, 122, 126, 0, 0, 0
0, 98, 102, 0, 122, 126, 0, 0, 0
0, 98, 102, 0, 122, 126, 0, 0, 0
98, 102, 106, 122, 126, 130, 0, 0, 0
98, 102, 106, 122, 126, 130, 0, 0, 0
98, 102, 106, 122, 126, 130, 0, 0, 0
98, 102, 106, 122, 126, 130, 0, 0, 0
102, 106, 110, 126, 130, 134, 0, 0, 0
102, 106, 110, 126, 130, 134, 0, 0, 0
102, 106, 110, 126, 130, 134, 0, 0, 0
102, 106, 110, 126, 130, 134, 0, 0, 0
106, 110, 114, 130, 134, 138, 0, 0, 0
106, 110, 114, 130, 134, 138, 0, 0, 0
106, 110, 114, 130, 134, 138, 0, 0, 0
106, 110, 114, 130, 134, 138, 0, 0, 0
110, 114, 118, 134, 138, 142, 0, 0, 0
110, 114, 118, 134, 138, 142, 0, 0, 0
110, 114, 118, 134, 138, 142, 0, 0, 0
110, 114, 118, 134, 138, 142, 0, 0, 0
114, 118, 0, 138, 142, 0, 0, 0, 0
114, 118, 0, 138, 142, 0, 0, 0, 0
114, 118, 0, 138, 142, 0, 0, 0, 0
114, 118, 0, 138, 142, 0, 0, 0, 0
0, 99, 103, 0, 123, 127, 0, 0, 0
0, 99, 103, 0, 123, 127, 0, 0, 0
0, 99, 103, 0, 123, 127, 0, 0, 0
0, 99, 103, 0, 123, 127, 0, 0, 0
99, 103, 107, 123, 127, 131, 0, 0, 0
99, 103, 107, 123, 127, 131, 0, 0, 0
99, 103, 107, 123, 127, 131, 0, 0, 0
99, 103, 107, 123, 127, 131, 0, 0, 0
103, 107, 111, 127, 131, 135, 0, 0, 0
103, 107, 111, 127, 131, 135, 0, 0, 0
103, 107, 111, 127, 131, 135, 0, 0, 0
103, 107, 111, 127, 131, 135, 0, 0, 0
107, 111, 115, 131, 135, 139, 0, 0, 0
107, 111, 115, 131, 135, 139, 0, 0, 0
107, 111, 115, 131, 135, 139, 0, 0, 0
107, 111, 115, 131, 135, 139, 0, 0, 0
111, 115, 119, 135, 139, 143, 0, 0, 0
111, 115, 119, 135, 139, 143, 0, 0, 0
111, 115, 119, 135, 139, 143, 0, 0, 0
111, 115, 119, 135, 139, 143, 0, 0, 0
115, 119, 0, 139, 143, 0, 0, 0, 0
115, 119, 0, 139, 143, 0, 0, 0, 0
115, 119, 0, 139, 143, 0, 0, 0, 0
115, 119, 0, 139, 143, 0, 0, 0, 0
