0 1 2 3 4 5 6 7
36 37 38 39 40 41 42 43
72 73 74 75 76 77 78 79
108 109 110 111 112 113 114 115
144 145 146 147 148 149 150 151
180 181 182 183 184 185 186 187
216 217 218 219 220 221 222 223
252 253 254 255   0   1   2   3
  4 224 188 152 116  80  44   8
 9 10 11 12 13 14 15 16
45 46 47 48 49 50 51 52
81 82 83 84 85 86 87 88
117 118 119 120 121 122 123 124
153 154 155 156 157 158 159 160
189 190 191 192 193 194 195 196
225 226 227 228 229 230 231 232
 5  6  7  8  9 10 11 12
 13 233 197 161 125  89  53  17
18 19 20 21 22 23 24 25
54 55 56 57 58 59 60 61
90 91 92 93 94 95 96 97
126 127 128 129 130 131 132 133
162 163 164 165 166 167 168 169
198 199 200 201 202 203 204 205
234 235 236 237 238 239 240 241
14 15 16 17 18 19 20 21
 22 242 206 170 134  98  62  26
27 28 29 30 31 32 33 34
63 64 65 66 67 68 69 70
 99 100 101 102 103 104 105 106
135 136 137 138 139 140 141 142
171 172 173 174 175 176 177 178
207 208 209 210 211 212 213 214
243 244 245 246 247 248 249 250
23 24 25 26 27 28 29 30
 31 251 215 179 143 107  71  35
0 1 2 3 4 5 6 7
36 37 38 39 40 41 42 43
72 73 74 75 76 77 78 79
108 109 110 111 112 113 114 115
144 145 146 147 148 149 150 151
180 181 182 183 184 185 186 187
216 217 218 219 220 221 222 223
252 253 254 255   0   1   2   3
  4 224 188 152 116  80  44   8
 9 10 11 12 13 14 15 16
45 46 47 48 49 50 51 52
81 82 83 84 85 86 87 88
117 118 119 120 121 122 123 124
153 154 155 156 157 158 159 160
189 190 191 192 193 194 195 196
225 226 227 228 229 230 231 232
 5  6  7  8  9 10 11 12
 13 233 197 161 125  89  53  17
18 19 20 21 22 23 24 25
54 55 56 57 58 59 60 61
90 91 92 93 94 95 96 97
126 127 128 129 130 131 132 133
162 163 164 165 166 167 168 169
198 199 200 201 202 203 204 205
234 235 236 237 238 239 240 241
14 15 16 17 18 19 20 21
 22 242 206 170 134  98  62  26
27 28 29 30 31 32 33 34
63 64 65 66 67 68 69 70
 99 100 101 102 103 104 105 106
135 136 137 138 139 140 141 142
171 172 173 174 175 176 177 178
207 208 209 210 211 212 213 214
243 244 245 246 247 248 249 250
23 24 25 26 27 28 29 30
 31 251 215 179 143 107  71  35
0 1 2 3 4 5 6 7
36 37 38 39 40 41 42 43
72 73 74 75 76 77 78 79
108 109 110 111 112 113 114 115
144 145 146 147 148 149 150 151
180 181 182 183 184 185 186 187
216 217 218 219 220 221 222 223
252 253 254 255   0   1   2   3
  4 224 188 152 116  80  44   8
 9 10 11 12 13 14 15 16
45 46 47 48 49 50 51 52
81 82 83 84 85 86 87 88
117 118 119 120 121 122 123 124
153 154 155 156 157 158 159 160
189 190 191 192 193 194 195 196
225 226 227 228 229 230 231 232
 5  6  7  8  9 10 11 12
 13 233 197 161 125  89  53  17
18 19 20 21 22 23 24 25
54 55 56 57 58 59 60 61
90 91 92 93 94 95 96 97
126 127 128 129 130 131 132 133
162 163 164 165 166 167 168 169
198 199 200 201 202 203 204 205
234 235 236 237 238 239 240 241
14 15 16 17 18 19 20 21
 22 242 206 170 134  98  62  26
27 28 29 30 31 32 33 34
63 64 65 66 67 68 69 70
 99 100 101 102 103 104 105 106
135 136 137 138 139 140 141 142
171 172 173 174 175 176 177 178
207 208 209 210 211 212 213 214
243 244 245 246 247 248 249 250
23 24 25 26 27 28 29 30
 31 251 215 179 143 107  71  35
0 1 2 3 4 5 6 7
36 37 38 39 40 41 42 43
72 73 74 75 76 77 78 79
108 109 110 111 112 113 114 115
144 145 146 147 148 149 150 151
180 181 182 183 184 185 186 187
216 217 218 219 220 221 222 223
252 253 254 255   0   1   2   3
  4 224 188 152 116  80  44   8
 9 10 11 12 13 14 15 16
45 46 47 48 49 50 51 52
81 82 83 84 85 86 87 88
117 118 119 120 121 122 123 124
153 154 155 156 157 158 159 160
189 190 191 192 193 194 195 196
225 226 227 228 229 230 231 232
 5  6  7  8  9 10 11 12
 13 233 197 161 125  89  53  17
18 19 20 21 22 23 24 25
54 55 56 57 58 59 60 61
90 91 92 93 94 95 96 97
126 127 128 129 130 131 132 133
162 163 164 165 166 167 168 169
198 199 200 201 202 203 204 205
234 235 236 237 238 239 240 241
14 15 16 17 18 19 20 21
 22 242 206 170 134  98  62  26
27 28 29 30 31 32 33 34
63 64 65 66 67 68 69 70
 99 100 101 102 103 104 105 106
135 136 137 138 139 140 141 142
171 172 173 174 175 176 177 178
207 208 209 210 211 212 213 214
243 244 245 246 247 248 249 250
23 24 25 26 27 28 29 30
 31 251 215 179 143 107  71  35
0 1 2 3 4 5 6 7
36 37 38 39 40 41 42 43
72 73 74 75 76 77 78 79
108 109 110 111 112 113 114 115
144 145 146 147 148 149 150 151
180 181 182 183 184 185 186 187
216 217 218 219 220 221 222 223
252 253 254 255   0   1   2   3
  4 224 188 152 116  80  44   8
 9 10 11 12 13 14 15 16
45 46 47 48 49 50 51 52
81 82 83 84 85 86 87 88
117 118 119 120 121 122 123 124
153 154 155 156 157 158 159 160
189 190 191 192 193 194 195 196
225 226 227 228 229 230 231 232
 5  6  7  8  9 10 11 12
 13 233 197 161 125  89  53  17
18 19 20 21 22 23 24 25
54 55 56 57 58 59 60 61
90 91 92 93 94 95 96 97
126 127 128 129 130 131 132 133
162 163 164 165 166 167 168 169
198 199 200 201 202 203 204 205
234 235 236 237 238 239 240 241
14 15 16 17 18 19 20 21
 22 242 206 170 134  98  62  26
27 28 29 30 31 32 33 34
63 64 65 66 67 68 69 70
 99 100 101 102 103 104 105 106
135 136 137 138 139 140 141 142
171 172 173 174 175 176 177 178
207 208 209 210 211 212 213 214
243 244 245 246 247 248 249 250
23 24 25 26 27 28 29 30
 31 251 215 179 143 107  71  35
0 1 2 3 4 5 6 7
36 37 38 39 40 41 42 43
72 73 74 75 76 77 78 79
108 109 110 111 112 113 114 115
144 145 146 147 148 149 150 151
180 181 182 183 184 185 186 187
216 217 218 219 220 221 222 223
252 253 254 255   0   1   2   3
  4 224 188 152 116  80  44   8
 9 10 11 12 13 14 15 16
45 46 47 48 49 50 51 52
81 82 83 84 85 86 87 88
117 118 119 120 121 122 123 124
153 154 155 156 157 158 159 160
189 190 191 192 193 194 195 196
225 226 227 228 229 230 231 232
 5  6  7  8  9 10 11 12
 13 233 197 161 125  89  53  17
18 19 20 21 22 23 24 25
54 55 56 57 58 59 60 61
90 91 92 93 94 95 96 97
126 127 128 129 130 131 132 133
162 163 164 165 166 167 168 169
198 199 200 201 202 203 204 205
234 235 236 237 238 239 240 241
14 15 16 17 18 19 20 21
 22 242 206 170 134  98  62  26
27 28 29 30 31 32 33 34
63 64 65 66 67 68 69 70
 99 100 101 102 103 104 105 106
135 136 137 138 139 140 141 142
171 172 173 174 175 176 177 178
207 208 209 210 211 212 213 214
243 244 245 246 247 248 249 250
23 24 25 26 27 28 29 30
 31 251 215 179 143 107  71  35
