 36   4 228 196 164 132 100  68
116 244 116 244 116 244 116 244
176 144 112  80  48  16 240 208
236  44 108 172 236  44 108 172
 40 200 104   8 168  72 232 136
 28 252 220 188 156 124  92  60
 72 184  40 152   8 120 232  88
 25 113 201  33 121 209  41 129
 45 229 157  85  13 197 125  53
 65  89 113 137 161 185 209 233
 85 205  69 189  53 173  37 157
132 244 100 212  68 180  36 148
180 180 180 180 180 180 180 180
 42  90 138 186 234  26  74 122
 22 166  54 198  86 230 118   6
  2 242 226 210 194 178 162 146
238  62 142 222  46 126 206  30
52 52 52 52 52 52 52 52
104 248 136  24 168  56 200  88
167 175 183 191 199 207 215 223
107 211  59 163  11 115 219  67
 47 247 191 135  79  23 223 167
243  27  67 107 147 187 227  11
 44 188  76 220 108 252 140  28
252 236 220 204 188 172 156 140
 40 152   8 120 232  88 200  56
184  56 184  56 184  56 184  56
 72 216 104 248 136  24 168  56
216 120  24 184  88 248 152  56
 72 184  40 152   8 120 232  88
195 139  83  27 227 171 115  59
121  45 225 149  73 253 177 101
 77  17 213 153  93  33 229 169
 33 245 201 157 113  69  25 237
245 217 189 161 133 105  77  49
117 189   5  77 149 221  37 109
246 150  54 214 118  22 182  86
108 100  92  84  76  68  60  52
132 140 148 156 164 172 180 188
156 180 204 228 252  20  44  68
180 220   4  44  84 124 164 204
 14  46  78 110 142 174 206 238
149  13 133 253 117 237 101 221
  1  61 121 181 241  45 105 165
 93 169 245  65 141 217  37 113
185  21 113 205  41 133 225  61
 21 129 237  89 197  49 157   9
 19  11   3 251 243 235 227 219
244  36  84 132 180 228  20  68
136  88  40 248 200 152 104  56
 24 248 216 184 152 120  88  56
168 152 136 120 104  88  72  56
56 56 56 56 56 56 56 56
208 128  48 224 144  64 240 160
203 211 219 227 235 243 251   3
113 133 153 173 193 213 233 253
 69 105 141 177 213 249  29  65
 25  77 129 181 233  29  81 133
237  49 117 185 253  65 133 201
 13 149  29 165  45 181  61 197
 14 238 206 174 142 110  78  46
252  84 172   4  92 180  12 100
 20 124 228  76 180  28 132 236
 44 164  28 148  12 132 252 116
 68 204  84 220 100 236 116 252
182  22 118 214  54 150 246  86
189 117  45 229 157  85  13 197
 41 197  97 253 153  53 209 109
133  49 221 137  53 225 141  57
225 157  89  21 209 141  73   5
 61   9 213 161 109  57   5 209
203   3  59 115 171 227  27  83
236  92 204  60 172  28 140 252
232  24  72 120 168 216   8  56
120 184 248  56 120 184 248  56
  8  88 168 248  72 152 232  56
152 248  88 184  24 120 216  56
 88  72  56  40  24   8 248 232
211  27  99 171 243  59 131 203
105 221  81 197  57 173  33 149
 61 193  69 201  77 209  85 217
 17 165  57 205  97 245 137  29
229 137  45 209 117  25 189  97
165 109  53 253 197 141  85  29
 38  70 102 134 166 198 230   6
140  68 252 180 108  36 220 148
164 108  52 252 196 140  84  28
188 148 108  68  28 244 204 164
212 188 164 140 116  92  68  44
 94 254 158  62 222 126  30 190
229 221 213 205 197 189 181 173
81 77 73 69 65 61 57 53
173 185 197 209 221 233 245   1
  9  37  65  93 121 149 177 205
101 145 189 233  21  65 109 153
131 251 115 235  99 219  83 203
228 148  68 244 164  84   4 180
 72 216 104 248 136  24 168  56
216 120  24 184  88 248 152  56
104  24 200 120  40 216 136  56
248 184 120  56 248 184 120  56
224  16  64 112 160 208   0  48
219  99 235 115 251 131  11 147
 97  53   9 221 177 133  89  45
 53  25 253 225 197 169 141 113
  9 253 241 229 217 205 193 181
221 225 229 233 237 241 245 249
 61  69  77  85  93 101 109 117
 62 158 254  94 190  30 126 222
 28  52  76 100 124 148 172 196
 52  92 132 172 212 252  36  76
 76 132 188 244  44 100 156 212
100 172 244  60 132 204  20  92
  6 230 198 166 134 102  70  38
 13  69 125 181 237  37  93 149
121 213  49 141 233  69 161 253
213  65 173  25 133 241  93 201
 49 173  41 165  33 157  25 149
141  25 165  49 189  73 213  97
 59 243 171  99  27 211 139  67
 76  44  12 236 204 172 140 108
244 116 244 116 244 116 244 116
120  88  56  24 248 216 184 152
252  60 124 188 252  60 124 188
128  32 192  96   0 160  64 224
132 100  68  36   4 228 196 164
252 108 220  76 188  44 156  12
235  67 155 243  75 163 251  83
 71 255 183 111  39 223 151  79
163 187 211 235   3  27  51  75
255 119 239 103 223  87 207  71
120 232  88 200  56 168  24 136
244 244 244 244 244 244 244 244
 78 126 174 222  14  62 110 158
130  18 162  50 194  82 226 114
182 166 150 134 118 102  86  70
234  58 138 218  42 122 202  26
180 180 180 180 180 180 180 180
 52 196  84 228 116   4 148  36
29 37 45 53 61 69 77 85
 41 145 249  97 201  49 153   1
 53 253 197 141  85  29 229 173
 65 105 145 185 225   9  49  89
 56 200  88 232 120   8 152  40
